﻿year,month,revenue,change
2020,January,500,500
2020,February,100,-400
2020,March,700,600
2020,April,350,-350
2020,May,50,-300
2020,June,800,750
2020,July,200,-600
2020,August,100,-100
2020,September,400,300
2020,October,300,-100
2020,November,500,200
2020,December,600,100